Ti: 0
Wi: [1, 0, 1]
Ui: [1.0, 1.0, 1.0]
Err: [0.0, 1.0, 0.0]
Ti: 0.5
Wi: [0.7078707638853765, -1.249886626727521, 0.3988486180600702]
Ui: [0.7082868297944476, -0.25056424741395844, 0.39815702328616975]
Err: [0.00041606590907106167, 0.9993223793135626, 0.0006915947739004613]
Ti: 1.0
Wi: [-0.3369175288351747, -3.0176417866213887, -0.2993229446996415]
Ui: [-0.3365085377830088, -2.019450507398802, -0.30116867893975674]
Err: [0.0004089910521658524, 0.9981912792225867, 0.0018457342401152488]
Ti: 1.5
Wi: [-2.4133273439768708, -5.405232794613581, -0.9234687253047942]
Ui: [-2.413456882066307, -4.408446855274416, -0.9267577849363515]
Err: [0.00012953808943638734, 0.9967859393391647, 0.003289059631557345]
Ti: 2.0
Wi: [-5.894790084644825, -8.709705370867049, -1.3205116454506258]
Ui: [-5.895905508652111, -7.714500362303474, -1.325444263372824]
Err: [0.0011154240072857036, 0.9952050085635751, 0.004932617922198235]
Ti: 2.5
Wi: [-11.382856310572155, -13.575402543879168, -1.392667701373726]
Ui: [-11.385165432146449, -12.582109720354362, -1.39961575965089]
Err: [0.002309121574294082, 0.993292823524806, 0.006948058277163938]
Ti: 3.0
Wi: [-19.930989333712837, -21.207114136208528, -1.1211660919827666]
Ui: [-19.934409411728243, -20.216649427847976, -1.1311125046603125]
Err: [0.003420078015405892, 0.9904647083605518, 0.009946412677545924]
Ti: 3.5
Wi: [-33.3984382003114, -33.686663330775545, -0.5705195739954282]
Ui: [-33.40269187367272, -32.70112541829348, -0.5856734596011766]
Err: [0.004253673361318988, 0.9855379124820658, 0.015153885605748374]
Ti: 4.0
Wi: [-55.00373055503238, -54.471531670410485, 0.12777291904359567]
Ui: [-55.00859614931577, -53.49499115869991, 0.10315887444431626]
Err: [0.004865594283394614, 0.9765405117105743, 0.024614044599279405]
